0
33367000
66733000
100100000
133467000
166833000
200200000
233567000
266933000
300300000
333667000
367033000
400400000
433767000
467133000
500500000
533867000
567233000
600600000
633967000
667333000
700700000
734067000
767433000
800800000
834167000
867533000
900900000
934267000
967633000
1001000000
1034367000
1067733000
1101100000
1134467000
1167833000
1201200000
1234567000
1267933000
1301300000
1334667000
1368033000
1401400000
1434767000
1468133000
1501500000
1534867000
1568233000
1601600000
1634967000
1668333000
1701700000
1735067000
1768433000
1801800000
1835167000
1868533000
1901900000
1935267000
1968633000
2002000000
2035367000
2068733000
2102100000
2135467000
2168833000
2202200000
2235567000
2268933000
2302300000
2335667000
2369033000
2402400000
2435767000
2469133000
2502500000
2535867000
2569233000
2602600000
2635967000
2669333000
2702700000
2736067000
2769433000
2802800000
2836167000
2869533000
2902900000
2936267000
2969633000
3003000000
3036367000
3069733000
3103100000
3136467000
3169833000
3203200000
3236567000
3269933000
3303300000
3336667000
3370033000
3403400000
3436767000
3470133000
3503500000
3536867000
3570233000
3603600000
3636967000
3670333000
3703700000
3737067000
3770433000
3803800000
3837167000
3870533000
3903900000
3937267000
3970633000
4004000000
4037367000
4070733000
4104100000
4137467000
4170833000
4204200000
4237567000
4270933000
4304300000
4337667000
4371033000
4404400000
4437767000
4471133000
4504500000
4537867000
4571233000
4604600000
4637967000
4671333000
4704700000
4738067000
4771433000
4804800000
4838167000
4871533000
4904900000
4938267000
4971633000
5005000000
5038367000
5071733000
5105100000
5138467000
5171833000
5205200000
5238567000
5271933000
5305300000
5338667000
5372033000
5405400000
5438767000
5472133000
5505500000
5538867000
5572233000
5605600000
5638967000
5672333000
5705700000
5739067000
5772433000
5805800000
5839167000
5872533000
5905900000
5939267000
5972633000
6006000000
6039367000
6072733000
6106100000
6139467000
6172833000
6206200000
6239567000
6272933000
6306300000
6339667000
6373033000
6406400000
6439767000
6473133000
6506500000
6539867000
6573233000
6606600000
6639967000
6673333000
6706700000
6740067000
6773433000
6806800000
6840167000
6873533000
6906900000
6940267000
6973633000
7007000000
7040367000
7073733000
7107100000
7140467000
7173833000
7207200000
7240567000
7273933000
7307300000
7340667000
7374033000
7407400000
7440767000
7474133000
7507500000
7540867000
7574233000
7607600000
7640967000
7674333000
7707700000
7741067000
7774433000
7807800000
7841167000
7874533000
7907900000
7941267000
7974633000
8008000000
8041367000
8074733000
8108100000
8141467000
8174833000
8208200000
8241567000
8274933000
8308300000
8341667000
8375033000
8408400000
8441767000
8475133000
8508500000
8541867000
8575233000
8608600000
8641967000
8675333000
8708700000
8742067000
8775433000
8808800000
8842167000
8875533000
8908900000
8942267000
8975633000
9009000000
9042367000
9075733000
9109100000
9142467000
9175833000
9209200000
9242567000
9275933000
9309300000
9342667000
9376033000
9409400000
9442767000
9476133000
9509500000
9542867000
9576233000
9609600000
9642967000
9676333000
9709700000
9743067000
9776433000
9809800000
9843167000
9876533000
9909900000
9943267000
9976633000
10010000000
10043367000
10076733000
10110100000
10143467000
10176833000
10210200000
10243567000
10276933000
10310300000
10343667000
10377033000
10410400000
10443767000
10477133000
10510500000
10543867000
10577233000
10610600000
10643967000
10677333000
10710700000
10744067000
10777433000
10810800000
10844167000
10877533000
10910900000
10944267000
10977633000
11011000000
11044367000
11077733000
11111100000
11144467000
11177833000
11211200000
11244567000
11277933000
11311300000
11344667000
11378033000
11411400000
11444767000
11478133000
11511500000
11544867000
11578233000
11611600000
11644967000
11678333000
11711700000
11745067000
11778433000
11811800000
11845167000
11878533000
11911900000
11945267000
11978633000
12012000000
12045367000
12078733000
12112100000
12145467000
12178833000
12212200000
12245567000
12278933000
12312300000
12345667000
12379033000
12412400000
12445767000
12479133000
12512500000
12545867000
12579233000
12612600000
12645967000
12679333000
12712700000
12746067000
12779433000
12812800000
12846167000
12879533000
12912900000
12946267000
12979633000
13013000000
13046367000
13079733000
13113100000
13146467000
13179833000
13213200000
13246567000
13279933000
13313300000
13346667000
13380033000
13413400000
13446767000
13480133000
13513500000
13546867000
13580233000
13613600000
13646967000
13680333000
13713700000
13747067000
13780433000
13813800000
13847167000
13880533000
13913900000
13947267000
13980633000
14014000000
14047367000
14080733000
14114100000
14147467000
14180833000
14214200000
14247567000
14280933000
14314300000
14347667000
14381033000
14414400000
14447767000
14481133000
14514500000
14547867000
14581233000
14614600000
14647967000
14681333000
14714700000
14748067000
14781433000
14814800000
14848167000
14881533000
14914900000
14948267000
14981633000
15015000000
15048367000
15081733000
15115100000
15148467000
15181833000
15215200000
15248567000
15281933000
15315300000
15348667000
15382033000
15415400000
15448767000
15482133000
15515500000
15548867000
15582233000
15615600000
15648967000
15682333000
15715700000
15749067000
15782433000
15815800000
15849167000
15882533000
15915900000
15949267000
15982633000
16016000000
16049367000
16082733000
16116100000
16149467000
16182833000
16216200000
16249567000
16282933000
16316300000
16349667000
16383033000
16416400000
16449767000
16483133000
16516500000
16549867000
16583233000
16616600000
16649967000
16683333000
16716700000
16750067000
16783433000
16816800000
16850167000
16883533000
16916900000
16950267000
16983633000
17017000000
17050367000
17083733000
17117100000
17150467000
17183833000
17217200000
17250567000
17283933000
17317300000
17350667000
17384033000
17417400000
17450767000
17484133000
17517500000
17550867000
17584233000
17617600000
17650967000
17684333000
17717700000
17751067000
17784433000
17817800000
17851167000
17884533000
17917900000
17951267000
17984633000
18018000000
18051367000
18084733000
18118100000
18151467000
18184833000
18218200000
18251567000
18284933000
18318300000
18351667000
18385033000
18418400000
18451767000
18485133000
18518500000
18551867000
18585233000
18618600000
18651967000
18685333000
18718700000
18752067000
18785433000
18818800000
18852167000
18885533000
18918900000
18952267000
18985633000
19019000000
19052367000
19085733000
19119100000
19152467000
19185833000
19219200000
19252567000
19285933000
19319300000
19352667000
19386033000
19419400000
19452767000
19486133000
19519500000
19552867000
19586233000
19619600000
19652967000
19686333000
19719700000
19753067000
19786433000
19819800000
19853167000
19886533000
19919900000
19953267000
19986633000
20020000000
20053367000
20086733000
20120100000
20153467000
20186833000
20220200000
20253567000
20286933000
20320300000
20353667000
20387033000
20420400000
20453767000
20487133000
20520500000
20553867000
20587233000
20620600000
20653967000
20687333000
20720700000
20754067000
20787433000
20820800000
20854167000
20887533000
20920900000
20954267000
20987633000
21021000000
21054367000
21087733000
21121100000
21154467000
21187833000
21221200000
21254567000
21287933000
21321300000
21354667000
21388033000
21421400000
21454767000
21488133000
21521500000
21554867000
21588233000
21621600000
21654967000
21688333000
21721700000
21755067000
21788433000
21821800000
21855167000
21888533000
21921900000
21955267000
21988633000
22022000000
22055367000
22088733000
22122100000
22155467000
22188833000
22222200000
22255567000
22288933000
22322300000
22355667000
22389033000
22422400000
22455767000
22489133000
22522500000
22555867000
22589233000
22622600000
22655967000
22689333000
22722700000
22756067000
22789433000
22822800000
22856167000
22889533000
22922900000
22956267000
22989633000
23023000000
23056367000
23089733000
23123100000
23156467000
23189833000
23223200000
23256567000
23289933000
23323300000
23356667000
23390033000
23423400000
23456767000
23490133000
23523500000
23556867000
23590233000
23623600000
23656967000
23690333000
23723700000
23757067000
23790433000
23823800000
23857167000
23890533000
23923900000
23957267000
23990633000
24024000000
24057367000
24090733000
24124100000
24157467000
24190833000
24224200000
24257567000
24290933000
24324300000
24357667000
24391033000
24424400000
24457767000
24491133000
24524500000
24557867000
24591233000
24624600000
24657967000
24691333000
24724700000
24758067000
24791433000
24824800000
24858167000
24891533000
24924900000
24958267000
24991633000
25025000000
25058367000
25091733000
25125100000
25158467000
25191833000
25225200000
25258567000
25291933000
25325300000
25358667000
25392033000
25425400000
25458767000
25492133000
25525500000
25558867000
25592233000
25625600000
25658967000
25692333000
25725700000
25759067000
25792433000
25825800000
25859167000
25892533000
25925900000
25959267000
25992633000
26026000000
26059367000
26092733000
26126100000
26159467000
26192833000
26226200000
26259567000
26292933000
26326300000
26359667000
26393033000
26426400000
26459767000
26493133000
26526500000
26559867000
26593233000
26626600000
26659967000
26693333000
26726700000
26760067000
26793433000
26826800000
26860167000
26893533000
26926900000
26960267000
26993633000
27027000000
27060367000
27093733000
27127100000
27160467000
27193833000
27227200000
27260567000
27293933000
27327300000
27360667000
27394033000
27427400000
27460767000
27494133000
27527500000
27560867000
27594233000
27627600000
27660967000
27694333000
27727700000
27761067000
27794433000
27827800000
27861167000
27894533000
27927900000
27961267000
27994633000
28028000000
28061367000
28094733000
28128100000
28161467000
28194833000
28228200000
28261567000
28294933000
28328300000
28361667000
28395033000
28428400000
28461767000
28495133000
28528500000
28561867000
28595233000
28628600000
28661967000
28695333000
28728700000
28762067000
28795433000
28828800000
28862167000
28895533000
28928900000
28962267000
28995633000
29029000000
29062367000
29095733000
29129100000
29162467000
29195833000
29229200000
29262567000
29295933000
29329300000
29362667000
29396033000
29429400000
29462767000
29496133000
29529500000
29562867000
29596233000
29629600000
29662967000
29696333000
29729700000
29763067000
29796433000
29829800000
29863167000
29896533000
29929900000
29963267000
29996633000
30030000000
30063367000
30096733000
30130100000
30163467000
30196833000
30230200000
30263567000
30296933000
30330300000
30363667000
30397033000
30430400000
30463767000
30497133000
30530500000
30563867000
30597233000
30630600000
30663967000
30697333000
30730700000
30764067000
30797433000
30830800000
30864167000
30897533000
30930900000
30964267000
30997633000
31031000000
31064367000
31097733000
31131100000
31164467000
31197833000
31231200000
31264567000
31297933000
31331300000
31364667000
31398033000
31431400000
31464767000
31498133000
31531500000
31564867000
31598233000
31631600000
31664967000
31698333000
31731700000
31765067000
31798433000
31831800000
31865167000
31898533000
31931900000
31965267000
31998633000
32032000000
32065367000
32098733000
32132100000
32165467000
32198833000
32232200000
32265567000
32298933000
32332300000
32365667000
32399033000
32432400000
32465767000
32499133000
32532500000
32565867000
32599233000
32632600000
32665967000
32699333000
32732700000
32766067000
32799433000
32832800000
32866167000
32899533000
32932900000
32966267000
32999633000
33033000000
33066367000
33099733000
33133100000
33166467000
33199833000
33233200000
33266567000
33299933000
33333300000
33366667000
33400033000
33433400000
33466767000
33500133000
33533500000
33566867000
33600233000
33633600000
33666967000
33700333000
33733700000
33767067000
33800433000
33833800000
33867167000
33900533000
33933900000
33967267000
34000633000
34034000000
34067367000
34100733000
34134100000
34167467000
34200833000
34234200000
34267567000
34300933000
34334300000
34367667000
34401033000
34434400000
34467767000
34501133000
34534500000
34567867000
34601233000
34634600000
34667967000
34701333000
34734700000
34768067000
34801433000
34834800000
34868167000
34901533000
34934900000
34968267000
35001633000
35035000000
35068367000
35101733000
35135100000
35168467000
35201833000
35235200000
35268567000
35301933000
35335300000
35368667000
35402033000
35435400000
35468767000
35502133000
35535500000
35568867000
35602233000
35635600000
35668967000
35702333000
35735700000
35769067000
35802433000
35835800000
35869167000
35902533000
35935900000
35969267000
36002633000
36036000000
36069367000
36102733000
36136100000
36169467000
36202833000
36236200000
36269567000
36302933000
36336300000
36369667000
36403033000
36436400000
36469767000
36503133000
36536500000
36569867000
36603233000
36636600000
36669967000
36703333000
36736700000
36770067000
36803433000
36836800000
36870167000
36903533000
36936900000
36970267000
37003633000
37037000000
37070367000
37103733000
37137100000
37170467000
37203833000
37237200000
37270567000
37303933000
37337300000
37370667000
37404033000
37437400000
37470767000
37504133000
37537500000
37570867000
37604233000
37637600000
37670967000
37704333000
37737700000
37771067000
37804433000
37837800000
37871167000
37904533000
37937900000
37971267000
38004633000
38038000000
38071367000
38104733000
38138100000
38171467000
38204833000
38238200000
38271567000
38304933000
38338300000
38371667000
38405033000
38438400000
38471767000
38505133000
38538500000
38571867000
38605233000
38638600000
38671967000
38705333000
38738700000
38772067000
38805433000
38838800000
38872167000
38905533000
38938900000
38972267000
39005633000
39039000000
39072367000
39105733000
39139100000
39172467000
39205833000
39239200000
39272567000
39305933000
39339300000
39372667000
39406033000
39439400000
39472767000
39506133000
39539500000
39572867000
39606233000
39639600000
39672967000
39706333000
39739700000
39773067000
39806433000
39839800000
39873167000
39906533000
39939900000
39973267000
40006633000
40040000000
40073367000
40106733000
40140100000
40173467000
40206833000
40240200000
40273567000
40306933000
40340300000
40373667000
40407033000
40440400000
40473767000
40507133000
40540500000
40573867000
40607233000
40640600000
40673967000
40707333000
40740700000
40774067000
40807433000
40840800000
40874167000
40907533000
40940900000
40974267000
41007633000
41041000000
41074367000
41107733000
41141100000
41174467000
41207833000
41241200000
41274567000
41307933000
41341300000
41374667000
41408033000
41441400000
41474767000
41508133000
41541500000
41574867000
41608233000
41641600000
41674967000
41708333000
41741700000
41775067000
41808433000
41841800000
41875167000
41908533000
41941900000
41975267000
42008633000
42042000000
42075367000
42108733000
42142100000
42175467000
42208833000
42242200000
42275567000
42308933000
42342300000
42375667000
42409033000
42442400000
42475767000
42509133000
42542500000
42575867000
42609233000
42642600000
42675967000
42709333000
42742700000
42776067000
42809433000
42842800000
42876167000
42909533000
42942900000
42976267000
43009633000
43043000000
43076367000
43109733000
43143100000
43176467000
43209833000
43243200000
43276567000
43309933000
43343300000
43376667000
43410033000
43443400000
43476767000
43510133000
43543500000
43576867000
43610233000
43643600000
43676967000
43710333000
43743700000
43777067000
43810433000
43843800000
43877167000
43910533000
43943900000
43977267000
44010633000
44044000000
44077367000
44110733000
44144100000
44177467000
44210833000
44244200000
44277567000
44310933000
44344300000
44377667000
44411033000
44444400000
44477767000
44511133000
44544500000
44577867000
44611233000
44644600000
44677967000
44711333000
44744700000
44778067000
44811433000
44844800000
44878167000
44911533000
44944900000
44978267000
45011633000
45045000000
45078367000
45111733000
45145100000
45178467000
45211833000
45245200000
45278567000
45311933000
45345300000
45378667000
45412033000
45445400000
45478767000
45512133000
45545500000
45578867000
45612233000
45645600000
45678967000
45712333000
45745700000
45779067000
45812433000
45845800000
45879167000
45912533000
45945900000
45979267000
46012633000
46046000000
46079367000
46112733000
46146100000
46179467000
46212833000
46246200000
46279567000
46312933000
46346300000
46379667000
46413033000
46446400000
46479767000
46513133000
46546500000
46579867000
46613233000
46646600000
46679967000
46713333000
46746700000
46780067000
46813433000
46846800000
46880167000
46913533000
46946900000
46980267000
47013633000
47047000000
47080367000
47113733000
47147100000
47180467000
47213833000
47247200000
47280567000
47313933000
47347300000
47380667000
47414033000
47447400000
47480767000
47514133000
47547500000
47580867000
47614233000
47647600000
47680967000
47714333000
47747700000
47781067000
47814433000
47847800000
47881167000
47914533000
47947900000
47981267000
48014633000
48048000000
48081367000
48114733000
48148100000
48181467000
48214833000
48248200000
48281567000
48314933000
48348300000
48381667000
48415033000
48448400000
48481767000
48515133000
48548500000
48581867000
48615233000
48648600000
48681967000
48715333000
48748700000
48782067000
48815433000
48848800000
48882167000
48915533000
48948900000
48982267000
49015633000
49049000000
49082367000
49115733000
49149100000
49182467000
49215833000
49249200000
49282567000
49315933000
49349300000
49382667000
49416033000
49449400000
49482767000
49516133000
49549500000
49582867000
49616233000
49649600000
49682967000
49716333000
49749700000
49783067000
49816433000
49849800000
49883167000
49916533000
49949900000
49983267000
50016633000
50050000000
50083367000
50116733000
50150100000
50183467000
50216833000
50250200000
50283567000
50316933000
50350300000
50383667000
50417033000
50450400000
50483767000
50517133000
50550500000
50583867000
50617233000
50650600000
50683967000
50717333000
50750700000
50784067000
50817433000
50850800000
50884167000
50917533000
50950900000
50984267000
51017633000
51051000000
51084367000
51117733000
51151100000
51184467000
51217833000
51251200000
51284567000
51317933000
51351300000
51384667000
51418033000
51451400000
51484767000
51518133000
51551500000
51584867000
51618233000
51651600000
51684967000
51718333000
51751700000
51785067000
51818433000
51851800000
51885167000
51918533000
51951900000
51985267000
52018633000
52052000000
52085367000
52118733000
52152100000
52185467000
52218833000
52252200000
52285567000
52318933000
52352300000
52385667000
52419033000
52452400000
52485767000
52519133000
52552500000
52585867000
52619233000
52652600000
52685967000
52719333000
52752700000
52786067000
52819433000
52852800000
52886167000
52919533000
52952900000
52986267000
53019633000
53053000000
53086367000
53119733000
53153100000
53186467000
53219833000
53253200000
53286567000
53319933000
53353300000
53386667000
53420033000
53453400000
53486767000
53520133000
53553500000
53586867000
53620233000
53653600000
53686967000
53720333000
53753700000
53787067000
53820433000
53853800000
53887167000
53920533000
53953900000
53987267000
54020633000
54054000000
54087367000
54120733000
54154100000
54187467000
54220833000
54254200000
54287567000
54320933000
54354300000
54387667000
54421033000
54454400000
54487767000
54521133000
54554500000
54587867000
54621233000
54654600000
54687967000
54721333000
54754700000
54788067000
54821433000
54854800000
54888167000
54921533000
54954900000
54988267000
55021633000
55055000000
55088367000
55121733000
55155100000
55188467000
55221833000
55255200000
55288567000
55321933000
55355300000
55388667000
55422033000
55455400000
55488767000
55522133000
55555500000
55588867000
55622233000
55655600000
55688967000
55722333000
55755700000
55789067000
55822433000
55855800000
55889167000
55922533000
55955900000
55989267000
56022633000
56056000000
56089367000
56122733000
56156100000
56189467000
56222833000
56256200000
56289567000
56322933000
56356300000
56389667000
56423033000
56456400000
56489767000
56523133000
56556500000
56589867000
56623233000
56656600000
56689967000
56723333000
56756700000
56790067000
56823433000
56856800000
56890167000
56923533000
56956900000
56990267000
57023633000
57057000000
57090367000
57123733000
57157100000
57190467000
57223833000
57257200000
57290567000
57323933000
57357300000
57390667000
57424033000
57457400000
57490767000
57524133000
57557500000
57590867000
57624233000
57657600000
57690967000
57724333000
57757700000
57791067000
57824433000
57857800000
57891167000
57924533000
57957900000
57991267000
58024633000
58058000000
58091367000
58124733000
58158100000
58191467000
58224833000
58258200000
58291567000
58324933000
58358300000
58391667000
58425033000
58458400000
58491767000
58525133000
58558500000
58591867000
58625233000
58658600000
58691967000
58725333000
58758700000
58792067000
58825433000
58858800000
58892167000
58925533000
58958900000
58992267000
59025633000
59059000000
59092367000
59125733000
59159100000
59192467000
59225833000
59259200000
59292567000
59325933000
59359300000
59392667000
59426033000
59459400000
59492767000
59526133000
59559500000
59592867000
59626233000
59659600000
59692967000
59726333000
59759700000
59793067000
59826433000
59859800000
59893167000
59926533000
59959900000
59993267000
60026633000
60060000000
60093367000
60126733000
60160100000
60193467000
60226833000
60260200000
60293567000
60326933000
60360300000
60393667000
60427033000
60460400000
60493767000
60527133000
60560500000
60593867000
60627233000
60660600000
60693967000
60727333000
60760700000
60794067000
60827433000
60860800000
60894167000
60927533000
60960900000
60994267000
61027633000
61061000000
61094367000
61127733000
61161100000
61194467000
61227833000
61261200000
61294567000
61327933000
61361300000
61394667000
61428033000
61461400000
61494767000
61528133000
61561500000
61594867000
61628233000
61661600000
61694967000
61728333000
61761700000
61795067000
61828433000
61861800000
61895167000
61928533000
61961900000
61995267000
62028633000
62062000000
62095367000
62128733000
62162100000
62195467000
62228833000
62262200000
62295567000
62328933000
62362300000
62395667000
62429033000
62462400000
62495767000
62529133000
62562500000
62595867000
62629233000
62662600000
62695967000
62729333000
62762700000
62796067000
62829433000
62862800000
62896167000
62929533000
62962900000
62996267000
63029633000
63063000000
63096367000
63129733000
63163100000
63196467000
63229833000
63263200000
63296567000
63329933000
63363300000
63396667000
63430033000
63463400000
63496767000
63530133000
63563500000
63596867000
63630233000
63663600000
63696967000
63730333000
63763700000
63797067000
63830433000
63863800000
63897167000
63930533000
63963900000
63997267000
64030633000
64064000000
64097367000
64130733000
64164100000
64197467000
64230833000
64264200000
64297567000
64330933000
64364300000
64397667000
64431033000
64464400000
64497767000
64531133000
64564500000
64597867000
64631233000
64664600000
64697967000
64731333000
64764700000
64798067000
64831433000
64864800000
64898167000
64931533000
64964900000
64998267000
65031633000
65065000000
65098367000
65131733000
65165100000
65198467000
65231833000
65265200000
65298567000
65331933000
65365300000
65398667000
65432033000
65465400000
65498767000
65532133000
65565500000
65598867000
65632233000
65665600000
65698967000
65732333000
65765700000
65799067000
65832433000
65865800000
65899167000
65932533000
65965900000
65999267000
66032633000
66066000000
66099367000
66132733000
66166100000
66199467000
66232833000
66266200000
66299567000
66332933000
66366300000
66399667000
66433033000
66466400000
66499767000
66533133000
66566500000
66599867000
66633233000
66666600000
66699967000
66733333000
66766700000
66800067000
66833433000
66866800000
66900167000
66933533000
66966900000
67000267000
67033633000
67067000000
67100367000
67133733000
67167100000
67200467000
67233833000
67267200000
67300567000
67333933000
67367300000
67400667000
67434033000
67467400000
67500767000
67534133000
67567500000
67600867000
67634233000
67667600000
67700967000
67734333000
67767700000
67801067000
67834433000
67867800000
67901167000
67934533000
67967900000
68001267000
68034633000
68068000000
68101367000
68134733000
68168100000
68201467000
68234833000
68268200000
68301567000
68334933000
68368300000
68401667000
68435033000
68468400000
68501767000
68535133000
68568500000
68601867000
68635233000
68668600000
68701967000
68735333000
68768700000
68802067000
68835433000
68868800000
68902167000
68935533000
68968900000
69002267000
69035633000
69069000000
69102367000
69135733000
69169100000
69202467000
69235833000
69269200000
69302567000
69335933000
69369300000
69402667000
69436033000
69469400000
69502767000
69536133000
69569500000
69602867000
69636233000
69669600000
69702967000
69736333000
69769700000
69803067000
69836433000
69869800000
69903167000
69936533000
69969900000
70003267000
70036633000
70070000000
70103367000
70136733000
70170100000
70203467000
70236833000
70270200000
70303567000
70336933000
70370300000
70403667000
70437033000
70470400000
70503767000
70537133000
70570500000
70603867000
70637233000
70670600000
70703967000
70737333000
70770700000
70804067000
70837433000
70870800000
70904167000
70937533000
70970900000
71004267000
71037633000
71071000000
71104367000
71137733000
71171100000
71204467000
71237833000
71271200000
71304567000
71337933000
71371300000
71404667000
71438033000
71471400000
71504767000
71538133000
71571500000
71604867000
71638233000
71671600000
71704967000
71738333000
71771700000
71805067000
71838433000
71871800000
71905167000
71938533000
71971900000
72005267000
72038633000
72072000000
72105367000
72138733000
72172100000
72205467000
72238833000
72272200000
72305567000
72338933000
72372300000
72405667000
72439033000
72472400000
72505767000
72539133000
72572500000
72605867000
72639233000
72672600000
72705967000
72739333000
72772700000
72806067000
72839433000
72872800000
72906167000
72939533000
72972900000
73006267000
73039633000
73073000000
73106367000
73139733000
73173100000
73206467000
73239833000
73273200000
73306567000
73339933000
73373300000
73406667000
73440033000
73473400000
73506767000
73540133000
73573500000
73606867000
73640233000
73673600000
73706967000
73740333000
73773700000
73807067000
73840433000
73873800000
73907167000
73940533000
73973900000
74007267000
74040633000
74074000000
74107367000
74140733000
74174100000
74207467000
74240833000
74274200000
74307567000
74340933000
74374300000
74407667000
74441033000
74474400000
74507767000
74541133000
74574500000
74607867000
74641233000
74674600000
74707967000
74741333000
74774700000
74808067000
74841433000
74874800000
74908167000
74941533000
74974900000
75008267000
75041633000
75075000000
75108367000
75141733000
75175100000
75208467000
75241833000
75275200000
75308567000
75341933000
75375300000
75408667000
75442033000
75475400000
75508767000
75542133000
75575500000
75608867000
75642233000
75675600000
75708967000
75742333000
75775700000
75809067000
75842433000
75875800000
75909167000
75942533000
75975900000
76009267000
76042633000
76076000000
76109367000
76142733000
76176100000
76209467000
76242833000
76276200000
76309567000
76342933000
76376300000
76409667000
76443033000
76476400000
76509767000
76543133000
76576500000
76609867000
76643233000
76676600000
76709967000
76743333000
76776700000
76810067000
76843433000
76876800000
76910167000
76943533000
76976900000
77010267000
77043633000
77077000000
77110367000
77143733000
77177100000
77210467000
77243833000
77277200000
77310567000
77343933000
77377300000
77410667000
77444033000
77477400000
77510767000
77544133000
77577500000
77610867000
77644233000
77677600000
77710967000
77744333000
77777700000
77811067000
77844433000
77877800000
77911167000
77944533000
77977900000
78011267000
78044633000
78078000000
78111367000
78144733000
78178100000
78211467000
78244833000
78278200000
78311567000
78344933000
78378300000
78411667000
78445033000
78478400000
78511767000
78545133000
78578500000
78611867000
78645233000
78678600000
78711967000
78745333000
78778700000
78812067000
78845433000
78878800000
78912167000
78945533000
78978900000
79012267000
79045633000
79079000000
79112367000
79145733000
79179100000
79212467000
79245833000
79279200000
79312567000
79345933000
79379300000
79412667000
79446033000
79479400000
79512767000
79546133000
79579500000
79612867000
79646233000
79679600000
79712967000
79746333000
79779700000
79813067000
79846433000
79879800000
79913167000
79946533000
79979900000
80013267000
80046633000
80080000000
80113367000
80146733000
80180100000
80213467000
80246833000
80280200000
80313567000
80346933000
80380300000
80413667000
80447033000
80480400000
80513767000
80547133000
80580500000
80613867000
80647233000
80680600000
80713967000
80747333000
80780700000
80814067000
80847433000
80880800000
80914167000
80947533000
80980900000
81014267000
81047633000
81081000000
81114367000
81147733000
81181100000
81214467000
81247833000
81281200000
81314567000
81347933000
81381300000
81414667000
81448033000
81481400000
81514767000
81548133000
81581500000
81614867000
81648233000
81681600000
81714967000
81748333000
81781700000
81815067000
81848433000
81881800000
81915167000
81948533000
81981900000
82015267000
82048633000
82082000000
82115367000
82148733000
82182100000
82215467000
82248833000
82282200000
82315567000
82348933000
82382300000
82415667000
82449033000
82482400000
82515767000
82549133000
82582500000
82615867000
82649233000
82682600000
82715967000
82749333000
82782700000
82816067000
82849433000
82882800000
82916167000
82949533000
82982900000
83016267000
83049633000
83083000000
83116367000
83149733000
83183100000
83216467000
83249833000
83283200000
83316567000
83349933000
83383300000
83416667000
83450033000
83483400000
83516767000
83550133000
83583500000
83616867000
83650233000
83683600000
83716967000
83750333000
83783700000
83817067000
83850433000
83883800000
83917167000
83950533000
83983900000
84017267000
84050633000
84084000000
84117367000
84150733000
84184100000
84217467000
84250833000
84284200000
84317567000
84350933000
84384300000
84417667000
84451033000
84484400000
84517767000
84551133000
84584500000
84617867000
84651233000
84684600000
84717967000
84751333000
84784700000
84818067000
84851433000
84884800000
84918167000
84951533000
84984900000
85018267000
85051633000
85085000000
85118367000
85151733000
85185100000
85218467000
85251833000
85285200000
85318567000
85351933000
85385300000
85418667000
85452033000
85485400000
85518767000
85552133000
85585500000
85618867000
85652233000
85685600000
85718967000
85752333000
85785700000
85819067000
85852433000
85885800000
85919167000
85952533000
85985900000
86019267000
86052633000
86086000000
86119367000
86152733000
86186100000
86219467000
86252833000
86286200000
86319567000
86352933000
86386300000
86419667000
86453033000
86486400000
86519767000
86553133000
86586500000
86619867000
86653233000
86686600000
86719967000
86753333000
86786700000
86820067000
86853433000
86886800000
86920167000
86953533000
86986900000
87020267000
87053633000
87087000000
87120367000
87153733000
87187100000
87220467000
87253833000
87287200000
87320567000
87353933000
87387300000
87420667000
87454033000
87487400000
87520767000
87554133000
87587500000
87620867000
87654233000
87687600000
87720967000
87754333000
87787700000
87821067000
87854433000
87887800000
87921167000
87954533000
87987900000
88021267000
88054633000
88088000000
88121367000
88154733000
88188100000
88221467000
88254833000
88288200000
88321567000
88354933000
88388300000
88421667000
88455033000
88488400000
88521767000
88555133000
88588500000
88621867000
88655233000
88688600000
88721967000
88755333000
88788700000
88822067000
88855433000
88888800000
88922167000
88955533000
88988900000
89022267000
89055633000
89089000000
89122367000
89155733000
89189100000
89222467000
89255833000
89289200000
89322567000
89355933000
89389300000
89422667000
89456033000
89489400000
89522767000
89556133000
89589500000
89622867000
89656233000
89689600000
89722967000
89756333000
89789700000
89823067000
89856433000
89889800000
89923167000
89956533000
89989900000
90023267000
90056633000
90090000000
90123367000
90156733000
90190100000
90223467000
90256833000
90290200000
90323567000
90356933000
90390300000
90423667000
90457033000
90490400000
90523767000
90557133000
90590500000
90623867000
90657233000
90690600000
90723967000
90757333000
90790700000
90824067000
90857433000
90890800000
90924167000
90957533000
90990900000
91024267000
91057633000
91091000000
91124367000
91157733000
91191100000
91224467000
91257833000
91291200000
91324567000
91357933000
91391300000
91424667000
91458033000
91491400000
91524767000
91558133000
91591500000
91624867000
91658233000
91691600000
91724967000
91758333000
91791700000
91825067000
91858433000
91891800000
91925167000
91958533000
91991900000
92025267000
92058633000
92092000000
92125367000
92158733000
92192100000
92225467000
92258833000
92292200000
92325567000
92358933000
92392300000
92425667000
92459033000
92492400000
92525767000
92559133000
92592500000
92625867000
92659233000
92692600000
92725967000
92759333000
92792700000
92826067000
92859433000
92892800000
92926167000
92959533000
92992900000
93026267000
93059633000
93093000000
93126367000
93159733000
93193100000
93226467000
93259833000
93293200000
93326567000
93359933000
93393300000
93426667000
93460033000
93493400000
